1³4 ¹ 11111.

1111111117. . 1111111111111111111111112.

’ 1111111121. 1111111111113.

1111111111 11. 11111112. 1111111111111111122.
111111111111111111111112. 1111111113. ⁸ ¹
11111111111111112111111111131. 1111111111111117.

111111111111111111111112. ,1111111121
cm 11). 11111119. 11111111111111111111111111131.

lber! 11. incusare tempora 1.

1111111111111111111111129. 1111111111111131.

11111111111117. 1111111116-

11111111125. 111111111111128.

111111111132. 111111, 1111111111 31.

ignotumomnepromnssnffieoao. 1111311111.

111111111111 29. 1111131111111119.

1111111111111111111111. 11111111111111112. ·

11111111111111113. 11111. 11111111111111111111111131.

111111111128. 11111113.1.41. 1111111111 111.

illustris statua 19. , 11111139.

1111111111111111111111111113. 111111111111111111 11.

1111111115. 111111111111111117.31.1111111111· ·

imminere. 1111111 1111111111 311. 11111137.

111111111111111111128.111111110. 11111111111. insuta 111111

1111111111. ’ 25. 111111111111111111139.

11111111 equorum 1111111111 31. 1111111111111113.
1111111111111111. 111111111- 1111111111 desiderium 11.
risio. 1111111111.

Imperatoria 111111 31· 11111111111111 1111111111 11111112.

impetus 15. 11111139. Ingenium 11111111. 1131111111-

111111113. primore 3.

11111111111 41. inglorius 9. 3141.

imponere magnum 111111 11111131. 11111111.

111111111111111111.84111111. 1111111113.

111111112131. 1111111111 33.

11111111111111. 1111111113. 11 iniquissima 111111111 1113111127.
sunm 1111111 gestis· 1111111111 8. 111111111111111111131117.
1111111111111111 111. 11 expeti·- 111111111111111111111111122.
1111111118. 111111111111 111. 11. iniungere munera 13. 1111111111.
in 1111111111 12. 11 partem 13. 111111111111111119.

1 25. 1111111111111.111111111111 11111111 sanguis 11.

11118. 11 quaestum 111111 111. inquisitiones 2.

11 1111124. 11 1111111121. 11 11- 11111111 5. 28.
111111112111111111111131. 11 11111111111111111111111211.
1111111111 32. 11 11111111 33. 11 111111111111111111111113.
11111111111111111135. 11111- 11111111 1111111129. 1111111101-

· 1111111111 4. 1111111111. 33. 1111137.

1111111115. sabaeo. 111111- 1111111111.
11111111131111111111132. inspicerem.
111111111111111211111111111116. 11111111111118.
1111111137. 1111111111. 85.
1111111125. 1111111111111121. 11111133.
1111111111111111. 1111111111111111111111.
1111111111111121. inem mmo insuperantum 23.
1111111131111111111117. 11113111111111. 1111111. 1111111
11111111 bellum 18. 11111113. 11 strenue 7.
11111111111111111111 12. 1111111113.

 

